-12.5664 4.89859e-16
-12.5412 0.0251552
-12.5161 0.0502946
-12.4909 0.0754021
-12.4657 0.100462
-12.4406 0.125458
-12.4154 0.150375
-12.3903 0.175196
-12.3651 0.199907
-12.3399 0.224491
-12.3148 0.248934
-12.2896 0.273218
-12.2645 0.29733
-12.2393 0.321253
-12.2142 0.344974
-12.189 0.368475
-12.1638 0.391744
-12.1387 0.414765
-12.1135 0.437523
-12.0884 0.460004
-12.0632 0.482195
-12.0381 0.50408
-12.0129 0.525646
-11.9877 0.546879
-11.9626 0.567766
-11.9374 0.588294
-11.9123 0.60845
-11.8871 0.62822
-11.8619 0.647593
-11.8368 0.666556
-11.8116 0.685097
-11.7865 0.703205
-11.7613 0.720867
-11.7362 0.738074
-11.711 0.754813
-11.6858 0.771074
-11.6607 0.786848
-11.6355 0.802123
-11.6104 0.816891
-11.5852 0.831142
-11.5601 0.844867
-11.5349 0.858057
-11.5097 0.870704
-11.4846 0.8828
-11.4594 0.894337
-11.4343 0.905308
-11.4091 0.915707
-11.3839 0.925526
-11.3588 0.934759
-11.3336 0.9434
-11.3085 0.951444
-11.2833 0.958887
-11.2582 0.965722
-11.233 0.971946
-11.2078 0.977555
-11.1827 0.982546
-11.1575 0.986914
-11.1324 0.990658
-11.1072 0.993775
-11.0821 0.996263
-11.0569 0.99812
-11.0317 0.999346
-11.0066 0.999939
-10.9814 0.9999
-10.9563 0.999227
-10.9311 0.997923
-10.9059 0.995986
-10.8808 0.99342
-10.8556 0.990224
-10.8305 0.986402
-10.8053 0.981956
-10.7802 0.976888
-10.755 0.971202
-10.7298 0.964901
-10.7047 0.95799
-10.6795 0.950472
-10.6544 0.942352
-10.6292 0.933637
-10.6041 0.92433
-10.5789 0.914439
-10.5537 0.903968
-10.5286 0.892926
-10.5034 0.881318
-10.4783 0.869153
-10.4531 0.856438
-10.4279 0.84318
-10.4028 0.829389
-10.3776 0.815073
-10.3525 0.800241
-10.3273 0.784903
-10.3022 0.769068
-10.277 0.752746
-10.2518 0.735948
-10.2267 0.718684
-10.2015 0.700965
-10.1764 0.682803
-10.1512 0.664208
-10.1261 0.645193
-10.1009 0.62577
-10.0757 0.605951
-10.0506 0.585748
-10.0254 0.565175
-10.0003 0.544243
-9.97511 0.522968
-9.94995 0.501361
-9.92479 0.479437
-9.89963 0.45721
-9.87448 0.434693
-9.84932 0.411901
-9.82416 0.388849
-9.799 0.36555
-9.77384 0.34202
-9.74869 0.318274
-9.72353 0.294326
-9.69837 0.270192
-9.67321 0.245887
-9.64805 0.221426
-9.6229 0.196825
-9.59774 0.172099
-9.57258 0.147265
-9.54742 0.122338
-9.52226 0.0973325
-9.49711 0.0722659
-9.47195 0.0471536
-9.44679 0.0220114
-9.42163 -0.00314473
-9.39648 -0.0282989
-9.37132 -0.0534351
-9.34616 -0.0785375
-9.321 -0.10359
-9.29584 -0.128577
-9.27069 -0.153483
-9.24553 -0.178292
-9.22037 -0.202987
-9.19521 -0.227555
-9.17005 -0.251978
-9.1449 -0.276242
-9.11974 -0.300331
-9.09458 -0.32423
-9.06942 -0.347924
-9.04426 -0.371397
-9.01911 -0.394636
-8.99395 -0.417624
-8.96879 -0.440349
-8.94363 -0.462794
-8.91848 -0.484947
-8.89332 -0.506793
-8.86816 -0.528318
-8.843 -0.549509
-8.81784 -0.570352
-8.79269 -0.590834
-8.76753 -0.610942
-8.74237 -0.630664
-8.71721 -0.649986
-8.69205 -0.668897
-8.6669 -0.687384
-8.64174 -0.705437
-8.61658 -0.723043
-8.59142 -0.740192
-8.56626 -0.756872
-8.54111 -0.773073
-8.51595 -0.788785
-8.49079 -0.803997
-8.46563 -0.818701
-8.44048 -0.832886
-8.41532 -0.846545
-8.39016 -0.859668
-8.365 -0.872246
-8.33984 -0.884273
-8.31469 -0.89574
-8.28953 -0.90664
-8.26437 -0.916966
-8.23921 -0.926712
-8.21405 -0.935871
-8.1889 -0.944438
-8.16374 -0.952408
-8.13858 -0.959774
-8.11342 -0.966534
-8.08826 -0.972681
-8.06311 -0.978213
-8.03795 -0.983126
-8.01279 -0.987416
-7.98763 -0.991082
-7.96248 -0.99412
-7.93732 -0.99653
-7.91216 -0.998308
-7.887 -0.999455
-7.86184 -0.999969
-7.83669 -0.99985
-7.81153 -0.999099
-7.78637 -0.997715
-7.76121 -0.9957
-7.73605 -0.993055
-7.7109 -0.989781
-7.68574 -0.98588
-7.66058 -0.981356
-7.63542 -0.976211
-7.61026 -0.970448
-7.58511 -0.96407
-7.55995 -0.957083
-7.53479 -0.94949
-7.50963 -0.941296
-7.48447 -0.932506
-7.45932 -0.923126
-7.43416 -0.913161
-7.409 -0.902619
-7.38384 -0.891506
-7.35869 -0.879828
-7.33353 -0.867593
-7.30837 -0.85481
-7.28321 -0.841485
-7.25805 -0.827628
-7.2329 -0.813247
-7.20774 -0.798352
-7.18258 -0.782951
-7.15742 -0.767054
-7.13226 -0.750672
-7.10711 -0.733815
-7.08195 -0.716494
-7.05679 -0.698719
-7.03163 -0.680502
-7.00647 -0.661854
-6.98132 -0.642788
-6.95616 -0.623314
-6.931 -0.603446
-6.90584 -0.583196
-6.88069 -0.562577
-6.85553 -0.541602
-6.83037 -0.520285
-6.80521 -0.498638
-6.78005 -0.476675
-6.7549 -0.454411
-6.72974 -0.431859
-6.70458 -0.409034
-6.67942 -0.38595
-6.65426 -0.362621
-6.62911 -0.339063
-6.60395 -0.315291
-6.57879 -0.291319
-6.55363 -0.267163
-6.52847 -0.242837
-6.50332 -0.218358
-6.47816 -0.193741
-6.453 -0.169001
-6.42784 -0.144154
-6.40269 -0.119216
-6.37753 -0.0942022
-6.35237 -0.069129
-6.32721 -0.0440121
-6.30205 -0.0188673
-6.2769 0.00628943
-6.25174 0.0314422
-6.22658 0.056575
-6.20142 0.0816721
-6.17626 0.106717
-6.15111 0.131695
-6.12595 0.15659
-6.10079 0.181385
-6.07563 0.206066
-6.05047 0.230616
-6.02532 0.25502
-6.00016 0.279263
-5.975 0.303329
-5.94984 0.327203
-5.92469 0.35087
-5.89953 0.374315
-5.87437 0.397523
-5.84921 0.42048
-5.82405 0.44317
-5.7989 0.46558
-5.77374 0.487695
-5.74858 0.509502
-5.72342 0.530986
-5.69826 0.552134
-5.67311 0.572932
-5.64795 0.593368
-5.62279 0.613429
-5.59763 0.633101
-5.57247 0.652373
-5.54732 0.671231
-5.52216 0.689665
-5.497 0.707662
-5.47184 0.725212
-5.44669 0.742303
-5.42153 0.758923
-5.39637 0.775064
-5.37121 0.790714
-5.34605 0.805863
-5.3209 0.820503
-5.29574 0.834623
-5.27058 0.848215
-5.24542 0.86127
-5.22026 0.87378
-5.19511 0.885737
-5.16995 0.897133
-5.14479 0.907962
-5.11963 0.918216
-5.09447 0.927889
-5.06932 0.936975
-5.04416 0.945467
-5.019 0.953362
-4.99384 0.960653
-4.96869 0.967336
-4.94353 0.973406
-4.91837 0.978861
-4.89321 0.983696
-4.86805 0.987909
-4.8429 0.991496
-4.81774 0.994456
-4.79258 0.996786
-4.76742 0.998486
-4.74226 0.999554
-4.71711 0.999989
-4.69195 0.999791
-4.66679 0.998961
-4.64163 0.997498
-4.61647 0.995404
-4.59132 0.99268
-4.56616 0.989327
-4.541 0.985349
-4.51584 0.980747
-4.49068 0.975524
-4.46553 0.969684
-4.44037 0.96323
-4.41521 0.956167
-4.39005 0.948498
-4.3649 0.940229
-4.33974 0.931365
-4.31458 0.921912
-4.28942 0.911875
-4.26426 0.901261
-4.23911 0.890077
-4.21395 0.878329
-4.18879 0.866025
-4.16363 0.853174
-4.13847 0.839782
-4.11332 0.825859
-4.08816 0.811413
-4.063 0.796454
-4.03784 0.78099
-4.01268 0.765033
-3.98753 0.748591
-3.96237 0.731675
-3.93721 0.714297
-3.91205 0.696466
-3.8869 0.678194
-3.86174 0.659494
-3.83658 0.640375
-3.81142 0.620852
-3.78626 0.600936
-3.76111 0.580639
-3.73595 0.559975
-3.71079 0.538956
-3.68563 0.517597
-3.66047 0.495909
-3.63532 0.473908
-3.61016 0.451607
-3.585 0.42902
-3.55984 0.406162
-3.53468 0.383047
-3.50953 0.359689
-3.48437 0.336103
-3.45921 0.312305
-3.43405 0.288309
-3.4089 0.264131
-3.38374 0.239785
-3.35858 0.215288
-3.33342 0.190655
-3.30826 0.1659
-3.28311 0.141041
-3.25795 0.116093
-3.23279 0.091071
-3.20763 0.0659915
-3.18247 0.0408702
-3.15732 0.015723
-3.13216 -0.00943407
-3.107 -0.0345852
-3.08184 -0.0597145
-3.05668 -0.0848059
-3.03153 -0.109844
-3.00637 -0.134812
-2.98121 -0.159695
-2.95605 -0.184477
-2.9309 -0.209142
-2.90574 -0.233675
-2.88058 -0.25806
-2.85542 -0.282281
-2.83026 -0.306324
-2.80511 -0.330173
-2.77995 -0.353813
-2.75479 -0.377229
-2.72963 -0.400407
-2.70447 -0.423331
-2.67932 -0.445987
-2.65416 -0.468361
-2.629 -0.490438
-2.60384 -0.512205
-2.57868 -0.533648
-2.55353 -0.554753
-2.52837 -0.575507
-2.50321 -0.595897
-2.47805 -0.615909
-2.4529 -0.635532
-2.42774 -0.654753
-2.40258 -0.673559
-2.37742 -0.691939
-2.35226 -0.709881
-2.32711 -0.727374
-2.30195 -0.744406
-2.27679 -0.760967
-2.25163 -0.777047
-2.22647 -0.792635
-2.20132 -0.807721
-2.17616 -0.822296
-2.151 -0.836351
-2.12584 -0.849876
-2.10068 -0.862864
-2.07553 -0.875305
-2.05037 -0.887192
-2.02521 -0.898518
-2.00005 -0.909275
-1.9749 -0.919457
-1.94974 -0.929057
-1.92458 -0.938069
-1.89942 -0.946487
-1.87426 -0.954306
-1.84911 -0.961521
-1.82395 -0.968128
-1.79879 -0.974122
-1.77363 -0.979499
-1.74847 -0.984257
-1.72332 -0.988391
-1.69816 -0.9919
-1.673 -0.994782
-1.64784 -0.997033
-1.62268 -0.998654
-1.59753 -0.999643
-1.57237 -0.999999
-1.54721 -0.999722
-1.52205 -0.998812
-1.49689 -0.997271
-1.47174 -0.995098
-1.44658 -0.992295
-1.42142 -0.988864
-1.39626 -0.984808
-1.37111 -0.980128
-1.34595 -0.974828
-1.32079 -0.968911
-1.29563 -0.962381
-1.27047 -0.955241
-1.24532 -0.947497
-1.22016 -0.939154
-1.195 -0.930216
-1.16984 -0.920689
-1.14468 -0.91058
-1.11953 -0.899894
-1.09437 -0.888639
-1.06921 -0.876821
-1.04405 -0.864449
-1.01889 -0.851529
-0.993737 -0.838071
-0.968579 -0.824082
-0.943421 -0.809571
-0.918263 -0.794548
-0.893105 -0.779023
-0.867948 -0.763004
-0.84279 -0.746502
-0.817632 -0.729528
-0.792474 -0.712092
-0.767316 -0.694206
-0.742158 -0.67588
-0.717 -0.657126
-0.691842 -0.637957
-0.666684 -0.618384
-0.641526 -0.598419
-0.616369 -0.578076
-0.591211 -0.557367
-0.566053 -0.536305
-0.540895 -0.514903
-0.515737 -0.493176
-0.490579 -0.471137
-0.465421 -0.448799
-0.440263 -0.426178
-0.415105 -0.403286
-0.389947 -0.38014
-0.36479 -0.356753
-0.339632 -0.33314
-0.314474 -0.309316
-0.289316 -0.285297
-0.264158 -0.261097
-0.239 -0.236731
-0.213842 -0.212216
-0.188684 -0.187567
-0.163526 -0.162799
-0.138368 -0.137927
-0.113211 -0.112969
-0.0880526 -0.0879389
-0.0628947 -0.0628533
-0.0377368 -0.0377279
-0.0125789 -0.0125786
0.0125789 0.0125786
0.0377368 0.0377279
0.0628947 0.0628533
0.0880526 0.0879389
0.113211 0.112969
0.138368 0.137927
0.163526 0.162799
0.188684 0.187567
0.213842 0.212216
0.239 0.236731
0.264158 0.261097
0.289316 0.285297
0.314474 0.309316
0.339632 0.33314
0.36479 0.356753
0.389947 0.38014
0.415105 0.403286
0.440263 0.426178
0.465421 0.448799
0.490579 0.471137
0.515737 0.493176
0.540895 0.514903
0.566053 0.536305
0.591211 0.557367
0.616369 0.578076
0.641526 0.598419
0.666684 0.618384
0.691842 0.637957
0.717 0.657126
0.742158 0.67588
0.767316 0.694206
0.792474 0.712092
0.817632 0.729528
0.84279 0.746502
0.867948 0.763004
0.893105 0.779023
0.918263 0.794548
0.943421 0.809571
0.968579 0.824082
0.993737 0.838071
1.01889 0.851529
1.04405 0.864449
1.06921 0.876821
1.09437 0.888639
1.11953 0.899894
1.14468 0.91058
1.16984 0.920689
1.195 0.930216
1.22016 0.939154
1.24532 0.947497
1.27047 0.955241
1.29563 0.962381
1.32079 0.968911
1.34595 0.974828
1.37111 0.980128
1.39626 0.984808
1.42142 0.988864
1.44658 0.992295
1.47174 0.995098
1.49689 0.997271
1.52205 0.998812
1.54721 0.999722
1.57237 0.999999
1.59753 0.999643
1.62268 0.998654
1.64784 0.997033
1.673 0.994782
1.69816 0.9919
1.72332 0.988391
1.74847 0.984257
1.77363 0.979499
1.79879 0.974122
1.82395 0.968128
1.84911 0.961521
1.87426 0.954306
1.89942 0.946487
1.92458 0.938069
1.94974 0.929057
1.9749 0.919457
2.00005 0.909275
2.02521 0.898518
2.05037 0.887192
2.07553 0.875305
2.10068 0.862864
2.12584 0.849876
2.151 0.836351
2.17616 0.822296
2.20132 0.807721
2.22647 0.792635
2.25163 0.777047
2.27679 0.760967
2.30195 0.744406
2.32711 0.727374
2.35226 0.709881
2.37742 0.691939
2.40258 0.673559
2.42774 0.654753
2.4529 0.635532
2.47805 0.615909
2.50321 0.595897
2.52837 0.575507
2.55353 0.554753
2.57868 0.533648
2.60384 0.512205
2.629 0.490438
2.65416 0.468361
2.67932 0.445987
2.70447 0.423331
2.72963 0.400407
2.75479 0.377229
2.77995 0.353813
2.80511 0.330173
2.83026 0.306324
2.85542 0.282281
2.88058 0.25806
2.90574 0.233675
2.9309 0.209142
2.95605 0.184477
2.98121 0.159695
3.00637 0.134812
3.03153 0.109844
3.05668 0.0848059
3.08184 0.0597145
3.107 0.0345852
3.13216 0.00943407
3.15732 -0.015723
3.18247 -0.0408702
3.20763 -0.0659915
3.23279 -0.091071
3.25795 -0.116093
3.28311 -0.141041
3.30826 -0.1659
3.33342 -0.190655
3.35858 -0.215288
3.38374 -0.239785
3.4089 -0.264131
3.43405 -0.288309
3.45921 -0.312305
3.48437 -0.336103
3.50953 -0.359689
3.53468 -0.383047
3.55984 -0.406162
3.585 -0.42902
3.61016 -0.451607
3.63532 -0.473908
3.66047 -0.495909
3.68563 -0.517597
3.71079 -0.538956
3.73595 -0.559975
3.76111 -0.580639
3.78626 -0.600936
3.81142 -0.620852
3.83658 -0.640375
3.86174 -0.659494
3.8869 -0.678194
3.91205 -0.696466
3.93721 -0.714297
3.96237 -0.731675
3.98753 -0.748591
4.01268 -0.765033
4.03784 -0.78099
4.063 -0.796454
4.08816 -0.811413
4.11332 -0.825859
4.13847 -0.839782
4.16363 -0.853174
4.18879 -0.866025
4.21395 -0.878329
4.23911 -0.890077
4.26426 -0.901261
4.28942 -0.911875
4.31458 -0.921912
4.33974 -0.931365
4.3649 -0.940229
4.39005 -0.948498
4.41521 -0.956167
4.44037 -0.96323
4.46553 -0.969684
4.49068 -0.975524
4.51584 -0.980747
4.541 -0.985349
4.56616 -0.989327
4.59132 -0.99268
4.61647 -0.995404
4.64163 -0.997498
4.66679 -0.998961
4.69195 -0.999791
4.71711 -0.999989
4.74226 -0.999554
4.76742 -0.998486
4.79258 -0.996786
4.81774 -0.994456
4.8429 -0.991496
4.86805 -0.987909
4.89321 -0.983696
4.91837 -0.978861
4.94353 -0.973406
4.96869 -0.967336
4.99384 -0.960653
5.019 -0.953362
5.04416 -0.945467
5.06932 -0.936975
5.09447 -0.927889
5.11963 -0.918216
5.14479 -0.907962
5.16995 -0.897133
5.19511 -0.885737
5.22026 -0.87378
5.24542 -0.86127
5.27058 -0.848215
5.29574 -0.834623
5.3209 -0.820503
5.34605 -0.805863
5.37121 -0.790714
5.39637 -0.775064
5.42153 -0.758923
5.44669 -0.742303
5.47184 -0.725212
5.497 -0.707662
5.52216 -0.689665
5.54732 -0.671231
5.57247 -0.652373
5.59763 -0.633101
5.62279 -0.613429
5.64795 -0.593368
5.67311 -0.572932
5.69826 -0.552134
5.72342 -0.530986
5.74858 -0.509502
5.77374 -0.487695
5.7989 -0.46558
5.82405 -0.44317
5.84921 -0.42048
5.87437 -0.397523
5.89953 -0.374315
5.92469 -0.35087
5.94984 -0.327203
5.975 -0.303329
6.00016 -0.279263
6.02532 -0.25502
6.05047 -0.230616
6.07563 -0.206066
6.10079 -0.181385
6.12595 -0.15659
6.15111 -0.131695
6.17626 -0.106717
6.20142 -0.0816721
6.22658 -0.056575
6.25174 -0.0314422
6.2769 -0.00628943
6.30205 0.0188673
6.32721 0.0440121
6.35237 0.069129
6.37753 0.0942022
6.40269 0.119216
6.42784 0.144154
6.453 0.169001
6.47816 0.193741
6.50332 0.218358
6.52847 0.242837
6.55363 0.267163
6.57879 0.291319
6.60395 0.315291
6.62911 0.339063
6.65426 0.362621
6.67942 0.38595
6.70458 0.409034
6.72974 0.431859
6.7549 0.454411
6.78005 0.476675
6.80521 0.498638
6.83037 0.520285
6.85553 0.541602
6.88069 0.562577
6.90584 0.583196
6.931 0.603446
6.95616 0.623314
6.98132 0.642788
7.00647 0.661854
7.03163 0.680502
7.05679 0.698719
7.08195 0.716494
7.10711 0.733815
7.13226 0.750672
7.15742 0.767054
7.18258 0.782951
7.20774 0.798352
7.2329 0.813247
7.25805 0.827628
7.28321 0.841485
7.30837 0.85481
7.33353 0.867593
7.35869 0.879828
7.38384 0.891506
7.409 0.902619
7.43416 0.913161
7.45932 0.923126
7.48447 0.932506
7.50963 0.941296
7.53479 0.94949
7.55995 0.957083
7.58511 0.96407
7.61026 0.970448
7.63542 0.976211
7.66058 0.981356
7.68574 0.98588
7.7109 0.989781
7.73605 0.993055
7.76121 0.9957
7.78637 0.997715
7.81153 0.999099
7.83669 0.99985
7.86184 0.999969
7.887 0.999455
7.91216 0.998308
7.93732 0.99653
7.96248 0.99412
7.98763 0.991082
8.01279 0.987416
8.03795 0.983126
8.06311 0.978213
8.08826 0.972681
8.11342 0.966534
8.13858 0.959774
8.16374 0.952408
8.1889 0.944438
8.21405 0.935871
8.23921 0.926712
8.26437 0.916966
8.28953 0.90664
8.31469 0.89574
8.33984 0.884273
8.365 0.872246
8.39016 0.859668
8.41532 0.846545
8.44048 0.832886
8.46563 0.818701
8.49079 0.803997
8.51595 0.788785
8.54111 0.773073
8.56626 0.756872
8.59142 0.740192
8.61658 0.723043
8.64174 0.705437
8.6669 0.687384
8.69205 0.668897
8.71721 0.649986
8.74237 0.630664
8.76753 0.610942
8.79269 0.590834
8.81784 0.570352
8.843 0.549509
8.86816 0.528318
8.89332 0.506793
8.91848 0.484947
8.94363 0.462794
8.96879 0.440349
8.99395 0.417624
9.01911 0.394636
9.04426 0.371397
9.06942 0.347924
9.09458 0.32423
9.11974 0.300331
9.1449 0.276242
9.17005 0.251978
9.19521 0.227555
9.22037 0.202987
9.24553 0.178292
9.27069 0.153483
9.29584 0.128577
9.321 0.10359
9.34616 0.0785375
9.37132 0.0534351
9.39648 0.0282989
9.42163 0.00314473
9.44679 -0.0220114
9.47195 -0.0471536
9.49711 -0.0722659
9.52226 -0.0973325
9.54742 -0.122338
9.57258 -0.147265
9.59774 -0.172099
9.6229 -0.196825
9.64805 -0.221426
9.67321 -0.245887
9.69837 -0.270192
9.72353 -0.294326
9.74869 -0.318274
9.77384 -0.34202
9.799 -0.36555
9.82416 -0.388849
9.84932 -0.411901
9.87448 -0.434693
9.89963 -0.45721
9.92479 -0.479437
9.94995 -0.501361
9.97511 -0.522968
10.0003 -0.544243
10.0254 -0.565175
10.0506 -0.585748
10.0757 -0.605951
10.1009 -0.62577
10.1261 -0.645193
10.1512 -0.664208
10.1764 -0.682803
10.2015 -0.700965
10.2267 -0.718684
10.2518 -0.735948
10.277 -0.752746
10.3022 -0.769068
10.3273 -0.784903
10.3525 -0.800241
10.3776 -0.815073
10.4028 -0.829389
10.4279 -0.84318
10.4531 -0.856438
10.4783 -0.869153
10.5034 -0.881318
10.5286 -0.892926
10.5537 -0.903968
10.5789 -0.914439
10.6041 -0.92433
10.6292 -0.933637
10.6544 -0.942352
10.6795 -0.950472
10.7047 -0.95799
10.7298 -0.964901
10.755 -0.971202
10.7802 -0.976888
10.8053 -0.981956
10.8305 -0.986402
10.8556 -0.990224
10.8808 -0.99342
10.9059 -0.995986
10.9311 -0.997923
10.9563 -0.999227
10.9814 -0.9999
11.0066 -0.999939
11.0317 -0.999346
11.0569 -0.99812
11.0821 -0.996263
11.1072 -0.993775
11.1324 -0.990658
11.1575 -0.986914
11.1827 -0.982546
11.2078 -0.977555
11.233 -0.971946
11.2582 -0.965722
11.2833 -0.958887
11.3085 -0.951444
11.3336 -0.9434
11.3588 -0.934759
11.3839 -0.925526
11.4091 -0.915707
11.4343 -0.905308
11.4594 -0.894337
11.4846 -0.8828
11.5097 -0.870704
11.5349 -0.858057
11.5601 -0.844867
11.5852 -0.831142
11.6104 -0.816891
11.6355 -0.802123
11.6607 -0.786848
11.6858 -0.771074
11.711 -0.754813
11.7362 -0.738074
11.7613 -0.720867
11.7865 -0.703205
11.8116 -0.685097
11.8368 -0.666556
11.8619 -0.647593
11.8871 -0.62822
11.9123 -0.60845
11.9374 -0.588294
11.9626 -0.567766
11.9877 -0.546879
12.0129 -0.525646
12.0381 -0.50408
12.0632 -0.482195
12.0884 -0.460004
12.1135 -0.437523
12.1387 -0.414765
12.1638 -0.391744
12.189 -0.368475
12.2142 -0.344974
12.2393 -0.321253
12.2645 -0.29733
12.2896 -0.273218
12.3148 -0.248934
12.3399 -0.224491
12.3651 -0.199907
12.3903 -0.175196
12.4154 -0.150375
12.4406 -0.125458
12.4657 -0.100462
12.4909 -0.0754021
12.5161 -0.0502946
12.5412 -0.0251552
12.5664 -4.89859e-16
